332.999 2.37894 990 141
370.201 0.448942 125 55
589.239 9.06205 4366 387
576.66 4.23694 2034 168
493.85 2.81811 1371 123
183.253 0.638008 254 58
670.663 4.50921 2304 165
243.962 0.88501 380 60
786.706 2.06995 1017 140
645.336 5.10597 2611 213
421.41 0.350952 115 59
281.239 0.522137 206 60
374.073 2.34103 1107 184
499.476 1.39904 661 132
782.742 16.8848 9773 487
380.369 0.742197 312 76
423.935 1.02615 509 90
342.445 2.19297 1109 120
275.143 0.319004 113 48
304.291 0.82612 404 78
922.775 14.3058 8371 528
659.052 3.19004 1934 178
713.443 2.74682 1570 177
699.011 8.5299 5259 324
865.476 4.92382 3168 283
398.07 0.588894 298 60
196.183 0.157833 35 28
544.447 1.84894 1109 137
266.106 0.355005 151 48
192.043 0.249147 92 39
656.412 4.44102 2880 248
375.718 0.432968 204 58
399.262 2.40898 1455 175
507.88 4.41504 2792 278
784.35 4.58908 2996 223
341.86 0.792027 473 85
492.632 0.146866 40 24
185.037 0.463009 242 65
536.533 0.412941 206 60
690.686 2.98095 1937 198
530.602 2.58398 1678 201
573.155 5.4121 3566 291
586.865 4.60696 3173 301
305.769 0.819921 495 75
681.83 5.98598 4229 261
687.074 5.38898 3794 280
551.247 3.23296 2192 204
1.79769e+308 18.235 12387 670
639.501 2.71988 1861 227
275.852 0.997066 617 103
426.233 1.88899 1230 144
888.568 3.53312 2542 183
110.673 0.186205 69 32
614.189 5.02992 3487 284
138.799 0.112057 20 19
602.142 4.90093 3386 309
339.716 0.28801 123 53
118.451 0.101089 14 16
729.154 2.86293 2037 172
177.673 0.442982 245 67
453.644 2.22111 1492 171
243.483 0.315905 153 49
263.849 0.188828 65 37
437.883 2.81286 1926 192
166.615 0.280142 135 40
420.522 1.04904 676 110
1.79769e+308 9.70411 6720 551
835.479 2.69198 1844 174
611.827 0.828028 507 89
456.855 1.73402 1157 134
1111.09 5.68414 4030 283
551.122 1.39809 932 114
621.714 2.46811 1765 151
362.582 0.139952 39 28
540.966 2.69294 1831 187
506.802 0.795126 477 85
779.591 1.01209 665 125
459.01 3.38697 2265 258
759.919 9.82189 6807 431
598.672 2.38204 1625 166
174.561 0.319958 160 46
794.103 16.9182 11787 643
504.755 2.09999 1412 124
199.398 0.198841 79 34
483.236 0.224829 96 49
417.392 1.40691 908 134
387.187 0.78392 487 77
464.948 0.823021 530 83
668.974 3.27611 2298 207
113.933 0.0941753 10 13
668.21 0.808001 509 103
806.238 1.72591 1139 141
822.568 1.28984 861 109
167.31 0.138044 29 24
476.884 1.01995 623 116
481.635 6.65903 4412 487
529.762 1.70207 1157 141
387.089 1.98197 1308 173
779.256 1.95694 1297 142
350.077 2.06494 1338 174
