0
310 25
310 97
327 3
327 4
327 13
327 100
487 9
487 28
487 36
487 39
487 42
487 65
487 66
487 80
487 93
628 26
628 27
628 98
628 99
628 100
149 59
149 61
206 2
206 5
206 11
206 41
206 55
206 74
206 76
206 84
206 86
206 88
406 36
406 66
406 93
406 104
406 131
406 157
526 14
526 18
526 43
526 47
526 75
526 113
526 137
526 138
526 139
526 143
526 166
526 168
526 172
526 214
526 215
526 218
526 221
526 252
526 256
526 257
526 259
526 286
526 296
526 329
526 331
526 332
526 336
526 359
526 363
526 423
526 427
526 428
526 455
526 456
526 457
526 482
526 488
526 497
526 528
526 530
526 533
526 562
526 565
526 596
526 607
526 612
526 635
526 642
526 643
526 644
526 645
526 671
526 674
526 679
76 5
76 11
76 41
76 55
76 84
76 86
76 88
76 105
1
310 22
310 24
310 30
310 33
310 34
310 40
310 44
310 67
310 69
310 72
310 99
327 6
327 9
327 26
327 27
327 28
327 32
327 39
327 42
327 47
327 52
327 71
327 73
327 75
327 80
327 85
327 98
327 99
487 3
487 6
487 10
487 13
487 31
487 32
487 35
487 38
487 60
487 70
487 85
487 95
628 3
628 4
628 13
628 22
628 28
628 32
628 39
628 60
628 61
628 66
628 71
628 75
149 22
149 24
149 25
149 26
149 27
149 60
149 98
149 99
206 10
206 20
206 35
206 38
206 42
206 49
206 51
206 53
206 56
206 70
206 77
206 81
406 9
406 28
406 31
406 32
406 39
406 42
406 60
406 65
406 70
406 80
406 95
406 102
406 132
406 133
406 156
406 159
406 160
406 161
526 4
526 7
526 12
526 15
526 16
526 33
526 40
526 52
526 67
526 71
2
310 1
310 7
310 8
310 26
310 37
310 43
310 59
310 71
310 75
310 78
310 98
310 100
327 2
327 10
327 14
327 15
327 18
327 20
327 22
327 25
327 33
327 35
327 36
327 40
327 41
327 43
327 49
327 60
327 61
327 65
327 66
327 67
327 72
327 74
327 81
327 93
327 97
487 2
487 4
487 5
487 11
487 27
487 41
487 49
487 52
487 61
487 64
487 73
487 74
487 81
487 100
628 6
628 9
628 24
628 25
628 33
628 36
628 40
628 42
628 47
628 52
628 59
628 65
628 67
628 72
628 73
628 80
628 85
628 93
628 97
149 3
149 4
149 28
149 32
149 66
149 67
149 71
149 97
149 100
206 6
206 9
206 13
206 17
206 23
206 31
206 39
206 48
206 52
206 54
206 58
206 64
206 65
206 73
206 80
206 85
406 3
406 6
406 10
406 13
406 27
3
310 0
310 4
310 12
310 14
310 27
310 61
310 79
310 87
327 5
327 7
327 12
327 16
327 21
327 24
327 30
327 37
327 38
327 44
327 53
327 54
327 59
327 69
327 70
327 77
327 78
327 84
327 87
327 88
327 94
487 20
487 22
487 26
487 47
487 53
487 55
487 71
487 75
487 76
487 77
487 84
487 86
487 88
487 98
487 99
628 2
628 7
628 10
628 12
628 14
628 15
628 18
628 30
628 34
628 35
628 37
628 41
628 43
628 44
628 49
628 69
628 78
628 81
149 9
149 13
149 33
149 36
149 39
149 40
149 65
149 69
149 72
149 73
149 75
149 80
149 85
149 93
206 3
206 4
206 15
206 18
206 19
206 21
206 28
206 32
206 36
206 47
206 62
206 66
206 68
206 90
206 91
206 93
206 94
206 95
206 96
406 2
406 4
406 5
406 11
406 26
4
310 3
310 15
310 18
310 28
310 32
310 45
310 46
310 47
310 50
310 57
310 60
310 73
310 82
310 83
310 85
310 89
310 92
327 0
327 1
327 8
327 11
327 19
327 29
327 31
327 34
327 48
327 51
327 55
327 56
327 57
327 63
327 64
327 68
327 76
327 79
327 82
327 86
327 89
327 92
327 95
487 15
487 18
487 21
487 25
487 43
487 48
487 51
487 54
487 56
487 59
487 67
487 72
487 97
628 0
628 1
628 5
628 8
628 16
628 20
628 21
628 31
628 38
628 53
628 54
628 70
628 74
628 77
628 82
628 84
628 87
628 88
628 92
628 94
628 95
149 1
149 6
149 7
149 14
149 18
149 30
149 34
149 35
149 37
149 42
149 43
149 44
149 47
149 52
149 78
149 95
206 14
206 16
206 27
206 29
206 60
206 75
206 100
406 20
406 22
406 47
5
310 6
310 9
310 13
310 16
310 21
310 39
310 42
310 49
310 52
310 63
310 66
310 80
310 94
327 17
327 23
327 45
327 50
327 58
327 62
327 83
327 91
327 96
487 7
487 12
487 14
487 16
487 17
487 19
487 23
487 24
487 29
487 33
487 40
487 58
487 62
487 68
487 69
487 78
487 94
487 96
628 11
628 19
628 29
628 45
628 48
628 50
628 51
628 55
628 56
628 57
628 63
628 64
628 68
628 76
628 79
628 83
628 86
628 89
149 0
149 2
149 8
149 10
149 12
149 15
149 16
149 20
149 31
149 38
149 41
149 49
149 64
149 70
149 74
149 81
149 82
149 87
206 12
206 26
206 33
206 43
206 61
206 63
206 71
206 72
206 82
206 87
206 89
206 92
206 98
206 99
406 15
406 18
406 21
406 24
406 25
406 33
406 40
406 43
406 48
406 51
6
310 2
310 10
310 20
310 29
310 35
310 36
310 41
310 53
310 54
310 65
310 68
310 74
310 77
310 81
310 93
327 46
327 90
487 0
487 1
487 8
487 30
487 34
487 37
487 44
487 57
487 63
487 82
487 87
487 89
487 90
487 91
487 92
628 17
628 23
628 46
628 58
628 62
628 91
628 96
149 5
149 11
149 21
149 50
149 53
149 54
149 57
149 76
149 77
149 79
149 83
149 84
149 88
149 89
149 92
149 94
206 0
206 7
206 8
206 22
206 25
206 37
206 40
206 44
206 57
206 67
206 69
206 78
206 83
206 97
406 7
406 12
406 14
406 16
406 17
406 19
406 23
406 58
406 62
406 68
406 69
406 78
406 91
406 94
406 96
406 109
406 114
406 115
406 118
406 120
406 158
406 162
406 163
406 167
526 64
526 95
526 135
526 156
526 190
526 243
526 251
7
310 5
310 19
310 31
310 38
310 48
310 56
310 62
310 70
310 76
310 84
310 88
310 91
310 95
487 45
487 50
487 79
487 83
628 90
149 19
149 29
149 45
149 46
149 48
149 51
149 55
149 56
149 62
149 63
149 68
149 86
206 1
206 24
206 30
206 34
206 45
206 50
206 59
206 79
406 0
406 1
406 8
406 29
406 30
406 34
406 37
406 44
406 57
406 63
406 82
406 87
406 89
406 90
406 92
406 106
406 110
406 134
406 146
406 153
406 154
406 173
526 164
526 189
526 480
526 588
76 1
76 8
76 25
76 30
76 34
76 37
76 44
76 45
76 50
76 59
76 69
76 79
76 97
76 106
76 110
76 117
76 121
76 122
76 134
76 162
76 170
76 175
76 182
76 185
76 200
76 203
76 209
76 223
76 231
76 233
76 260
76 268
76 278
76 284
76 310
76 312
8
310 11
310 17
310 23
310 51
310 55
310 58
310 64
310 86
310 96
487 46
149 17
149 23
149 58
149 91
149 96
206 46
406 45
406 50
406 79
406 83
406 125
406 141
406 170
76 24
76 46
76 141
76 150
76 176
76 193
76 217
76 220
76 229
76 262
76 266
76 291
76 305
76 362
76 432
76 460
76 492
76 509
76 529
76 532
76 541
76 567
76 578
76 619
76 650
76 673
16 189
552 0
552 1
552 8
552 34
552 45
552 50
552 79
552 83
552 106
552 110
552 125
552 134
552 146
552 170
552 175
552 176
552 182
552 203
552 209
552 265
552 324
552 361
552 364
552 384
552 385
552 393
552 397
552 416
552 464
552 484
552 491
552 492
552 517
552 525
552 566
552 574
552 579
552 603
552 649
552 672
552 676
267 24
267 59
267 150
267 220
267 229
267 262
267 268
267 305
267 343
9
310 90
149 90
406 46
552 46
552 141
552 217
552 260
552 266
552 291
552 362
552 430
552 460
552 529
552 567
552 569
552 575
552 650
552 673
499 45
499 46
499 50
499 79
499 83
499 106
499 125
499 141
499 146
499 170
499 175
499 176
499 182
499 203
499 209
499 217
499 260
499 265
499 266
499 291
499 361
499 362
499 364
499 384
499 385
499 393
499 397
499 430
499 438
499 460
499 464
499 484
499 491
499 492
499 517
499 525
499 529
499 546
499 567
499 569
499 574
499 575
499 579
499 603
499 649
499 650
499 672
499 673
499 676
44 156
44 164
44 189
44 243
44 315
44 453
44 480
44 554
44 588
44 694
224 24
224 150
224 229
224 262
224 432
224 532
224 541
224 578
224 619
146 64
146 156
146 164
146 189
146 243
146 273
146 279
146 315
146 377
146 453
146 480
146 499
146 554
146 582
