143.328 0.249147 52 28
131.684 0.110865 17 15
108.203 0.106096 15 15
34.4819 0.0851154 7 7
130.852 0.18692 54 30
95.1008 0.0939369 10 12
32.311 0.0851154 6 6
96.6069 0.162125 53 26
119.328 0.102997 14 14
96.0509 0.0929832 10 12
129.667 0.201941 67 32
120.201 0.102043 13 14
85.0151 0.0917912 9 11
96.1855 0.113964 22 17
78.6812 0.121832 26 19
100.71 0.0948906 10 11
114.272 0.0998974 10 12
114.136 0.11301 21 16
120.6 0.212908 80 38
152.914 0.095129 10 15
126.687 0.104904 13 15
105.936 0.0908375 7 11
120.397 0.112057 15 15
56.2939 0.0860691 7 7
120.353 0.102997 14 15
69.7259 0.0929832 11 9
95.5439 0.150919 41 23
125.056 0.168085 52 29
190.198 0.437975 194 80
153.002 0.129938 27 23
128.366 0.118017 23 17
131.761 0.115156 22 21
32.6956 0.0870228 6 7
110.939 0.159025 47 29
32.6956 0.084877 6 7
83.8373 0.135899 32 26
69.2081 0.09799 12 13
134.584 0.145912 43 22
101.428 0.0970364 11 13
112.628 0.102997 11 13
99.2821 0.19002 71 31
115.955 0.113964 21 18
119.176 0.0967979 12 14
118.997 0.101089 14 15
124.006 0.112057 20 19
30.8058 0.0929832 8 8
31.3209 0.0858307 8 8
68.799 0.0929832 12 10
111.997 0.18096 65 28
130.128 0.226021 87 50
76.1516 0.0939369 11 13
113.06 0.095129 11 13
175.909 0.114202 21 20
145.153 0.119925 25 21
116.485 0.135899 36 23
68.8002 0.0901222 10 9
113.174 0.0939369 11 13
30.4138 0.0908375 8 8
101.739 0.185966 66 31
70.9162 0.12207 27 19
130.562 0.110149 19 19
92.958 0.0939369 12 13
127.928 0.123978 28 21
70.6221 0.0960827 10 9
137.135 0.101089 16 15
30.5941 0.0858307 8 8
100.007 0.111103 21 18
157.212 0.185966 65 32
130.19 0.269175 124 42
42.72 0.0860691 8 8
1.79769e+308 8.70109 5073 662
128.401 0.121117 19 17
102.539 0.0960827 12 14
148.265 0.113964 22 19
101.765 0.113964 22 18
95.2322 0.175953 62 29
141.73 0.192881 68 33
158.841 0.133038 32 25
98.8656 0.0929832 11 13
100.423 0.0941753 11 13
92.4582 0.0929832 11 13
98.5055 0.153065 47 28
101.216 0.0939369 11 13
126.45 0.265837 120 39
61.9097 0.0898838 10 9
99.214 0.0939369 11 13
99.407 0.0939369 11 13
69.8122 0.11301 25 18
45 0.0860691 8 8
44.0908 0.0920296 8 8
159.403 0.169039 54 34
132.787 0.119925 26 21
99.4129 0.0948906 10 12
117.312 0.24581 103 40
113.525 0.12517 13 15
98.5646 0.0941753 10 12
129.094 0.101089 14 15
100.544 0.0910759 9 10
123.836 0.154018 46 26
102.021 0.101089 15 14
268.8 0.492096 260 58
228.504 0.124931 25 23
189.516 0.412226 204 53
222.264 0.477791 259 64
1.79769e+308 14.9291 8945 692
177.903 0.298023 133 42
249.539 0.675917 378 84
146.637 0.105858 15 18
201.064 0.32711 149 53
284.254 0.479937 261 65
283.551 0.573158 304 68
165.538 0.405073 213 56
226.49 0.544786 300 72
190.817 0.154972 48 27
168.748 0.375032 194 49
199.507 0.337124 170 50
196.193 0.431061 241 56
183.874 0.195026 70 31
241.109 0.330925 162 56
245.47 0.189066 68 35
284.909 0.356913 174 50
160.104 0.375986 189 51
143.589 0.164986 55 30
155.982 0.118971 25 20
198.671 0.478029 266 65
139.399 0.102043 15 15
154.709 0.334978 175 43
198.298 0.126123 22 22
150.453 0.290155 137 46
189.657 0.359774 182 55
263.562 0.595808 326 76
146.69 0.334978 173 47
207.887 0.503063 265 58
135.607 0.230074 99 36
211.559 0.319004 148 48
228.313 0.324011 170 40
183.918 0.331163 153 51
175.357 0.328064 159 52
233.956 0.674009 389 80
245.888 0.185013 55 29
146.825 0.111103 19 18
139.037 0.272989 125 44
224.033 0.310898 149 44
151.547 0.109196 18 18
206.036 0.293016 138 44
163.597 0.272036 131 38
206.501 0.154972 47 28
212.258 0.153065 43 28
162.68 0.178814 63 26
250.861 0.232935 94 39
170.557 0.117064 22 21
191.157 0.159025 49 29
133.834 0.121117 28 16
185.102 0.114918 20 19
256.552 0.30303 142 46
206.667 0.146866 38 28
137.151 0.175953 58 26
228.75 0.119925 21 18
259.892 0.468016 244 74
185.659 0.300169 144 47
133.494 0.115871 20 18
232.829 0.869989 519 91
155.024 0.306845 151 46
134.744 0.12517 30 18
213.942 0.456095 246 58
202.867 0.613928 377 69
213.941 0.223875 82 41
171.39 0.22006 94 39
284.681 0.144005 39 30
223.415 0.835896 501 88
268.888 0.535965 303 77
136.002 0.298977 151 40
164.345 0.12207 25 22
162.294 0.26679 119 46
262.116 0.167131 51 31
194.99 0.350952 170 62
201.199 0.610828 360 75
227.272 0.544071 326 71
160.748 0.334978 173 48
161.486 0.240088 105 37
171.428 0.270844 126 38
227.683 0.298023 130 54
135.58 0.113964 18 17
245.548 0.451803 252 65
197.001 0.23222 101 33
265.593 0.322104 153 49
209.482 0.142097 36 24
134.864 0.271082 124 42
144.005 0.106096 13 16
213.431 0.306845 140 57
211.711 0.187159 61 38
163.756 0.392199 205 50
163.566 0.133038 31 24
171.461 0.237942 98 34
194.375 0.550032 306 72
160.024 0.113964 22 18
202.417 0.129223 31 23
349.493 0.153065 45 34
1.79769e+308 11.626 7088 680
165.529 0.352144 173 55
329.451 0.882864 519 94
264.665 1.06597 655 120
323.263 1.50394 965 158
311.38 1.64294 1074 125
266.18 0.985146 596 112
319.252 1.06096 648 118
315.073 0.167847 53 30
259.437 0.751972 470 93
360.4 0.308037 151 57
331.311 1.3411 835 144
327.14 0.570059 319 77
364.02 0.736952 433 108
332.252 0.396013 209 54
294.039 0.231028 99 40
332.007 2.21086 1491 124
339.589 1.17111 715 126
345.694 0.68903 402 98
368.231 0.994205 612 117
262.724 0.382185 195 56
322.048 0.393867 208 50
316.02 0.743866 436 93
259.254 0.144005 38 31
315.944 0.416994 220 57
346.29 1.19495 753 123
366.918 0.211 85 44
299.107 0.668049 399 94
270.726 1.14608 723 111
278.305 0.432014 236 58
277.068 0.747919 427 85
266.501 0.663042 383 78
283.335 0.381947 201 54
291.623 1.51515 986 110
270.807 0.524044 286 87
348.295 0.838995 515 82
350.601 0.473022 264 60
315.944 0.413895 220 57
325.703 0.868082 521 108
259.922 0.863075 520 96
275.275 0.876904 555 96
302.29 0.543118 316 62
332.231 0.349998 188 49
268.416 0.897884 550 108
252.467 0.61512 369 75
312.6 1.18303 726 126
301.624 1.71781 1087 185
347.173 0.835896 503 94
296.48 0.514984 266 57
285.411 1.08099 663 115
317.288 1.1301 715 115
282.149 0.741959 459 96
368.454 1.27292 822 122
320.713 0.458002 249 55
265.012 0.186205 56 38
330.636 0.393867 206 49
256.083 0.185966 65 40
364.118 0.710011 414 85
302.089 0.36788 189 47
329.646 1.63007 1047 113
336.402 0.252008 112 44
344.901 1.00017 620 94
394.095 1.51014 972 138
275.947 0.445127 250 53
301.031 0.200987 77 38
279.301 1.1251 685 97
323.604 0.496149 269 66
301.662 0.767946 465 85
277.998 0.178099 63 31
264.803 0.604153 354 71
342.694 0.473022 252 56
252.262 0.952959 598 92
320.464 0.779867 468 94
336.014 1.51992 935 154
283.557 0.272989 123 47
245.808 0.210047 80 43
303.607 0.146866 37 29
346.482 0.411034 223 68
277.213 0.696898 424 93
311.934 0.375032 199 55
349.384 1.07002 652 125
261.078 0.329018 160 52
279.045 1.19591 777 115
302.222 0.535965 307 76
358.767 0.36788 166 54
280.329 0.353098 160 54
281.405 0.225067 99 32
322.517 0.99206 616 115
294.422 1.0078 605 94
248.816 0.541925 322 66
322.402 0.476122 268 69
388.214 0.241995 97 45
305.227 0.229836 105 34
236.364 0.905991 555 102
305.199 0.175953 58 35
239.454 0.735998 444 88
344.25 0.211 79 46
286.601 0.583887 337 70
278.563 1.03903 643 121
316.368 1.01304 668 95
315.579 0.869036 516 109
309.868 1.24502 828 121
401.075 1.87993 1165 172
419.817 1.37615 847 148
391.866 2.62284 1767 205
442.349 1.60503 1063 157
385.834 1.19495 767 105
399.27 0.558138 325 65
383.911 2.02513 1333 163
397.613 4.00901 2661 267
467.067 0.170946 52 37
353.742 1.54686 1038 150
441.283 2.877 1897 146
424.694 0.88501 555 94
407.472 1.73497 1100 153
1.79769e+308 12.671 7793 687
465.499 2.13003 1414 180
463.91 1.49179 998 146
406.674 1.91092 1210 173
427.988 2.15101 1433 171
373.383 1.13297 739 93
431.79 1.48201 999 131
382.184 0.889063 524 87
433.292 1.93501 1285 173
413.417 1.42097 910 114
404.64 0.739098 456 77
400.332 1.05405 689 99
1.79769e+308 17.3829 10975 697
482.515 3.46088 2318 167
1.79769e+308 16.221 10109 692
422.178 2.19798 1459 173
372.061 1.47891 956 138
411.553 2.86889 1864 209
364.517 0.277042 125 57
404.93 2.5661 1666 196
376.101 1.62101 1030 141
393.489 0.890017 559 93
444.696 2.46501 1652 180
424.15 1.67203 1118 147
348.125 0.660896 388 73
435.562 1.55902 1016 142
529.137 0.767946 480 91
469.669 0.497103 282 66
440.817 1.17397 743 127
364.735 2.06113 1358 156
408.324 0.534058 305 87
411.539 1.46413 999 107
431.669 1.14107 714 139
369.101 1.27792 854 105
446.234 0.427961 227 81
381.608 0.362873 189 66
396.446 2.2409 1478 156
402.787 1.68014 1099 149
462.533 3.52216 2307 210
420.373 3.7179 2479 209
371.447 0.702858 413 69
491.287 1.78099 1208 157
457.009 1.02091 672 83
336.063 0.645876 408 74
432.068 3.74603 2539 201
387.01 1.63007 1059 133
371.267 3.052 1979 186
430.12 1.42288 967 122
452.672 1.48106 962 117
392.229 0.535011 293 78
393.705 1.52612 998 153
475.682 0.134945 36 16
357.894 0.160933 45 33
413.988 0.571966 338 85
406.994 0.409126 229 64
434.086 0.688076 408 102
436.565 1.06812 690 117
374.12 0.241995 111 49
442.382 3.29685 2207 232
358.311 1.7221 1078 169
482.928 1.00088 643 119
444.533 2.13408 1416 180
399.517 0.197172 50 36
358.799 1.38402 897 131
422.697 0.347137 171 67
388.378 1.9331 1283 146
407.57 2.2471 1502 167
408.787 0.956774 578 88
345.608 1.23191 806 109
385.103 2.17795 1386 199
452.151 2.32697 1530 202
381.539 2.23613 1419 193
417.526 2.5959 1731 172
433.74 1.22285 761 110
395.085 2.47097 1583 197
482.484 0.647783 390 76
421.013 0.408888 200 58
422.986 0.909805 553 87
339.112 1.59693 1045 146
464.869 1.03307 666 97
430.169 0.276089 123 46
346.729 0.389099 182 61
349.057 1.45411 940 123
363.375 2.51698 1659 198
351.219 0.690937 425 76
355.564 0.454187 261 59
447.884 2.51913 1686 184
486.775 2.03395 1362 140
520.525 2.57182 1730 181
477.038 2.15697 1471 155
528.79 4.23002 2914 230
502.688 1.23215 801 98
514.82 3.25012 2153 224
498.325 1.75285 1204 141
451.959 1.56593 1023 138
478.351 2.9242 1948 218
1.79769e+308 16.398 10468 661
535.135 0.876904 530 90
496.381 3.84092 2586 265
441.071 3.08084 2025 216
497.149 3.25298 2176 215
531.761 4.3869 2988 284
530.117 7.39908 4969 413
505.265 6.01888 3997 358
470.585 1.43409 962 109
510.629 1.86896 1275 154
513.199 1.23501 816 115
470.017 0.169039 52 37
587.578 3.01409 1988 188
515.956 2.89798 1916 196
460.42 1.34301 859 107
472.112 2.27308 1464 172
474.754 1.74403 1158 151
511.218 1.66082 1118 143
1.79769e+308 18.173 11530 696
466.218 1.56903 1046 112
557.372 3.48711 2361 170
513.926 1.69611 1111 145
509.036 2.68483 1757 194
491.765 2.68388 1821 181
468.1 0.477076 278 60
516.153 1.63484 1061 127
501.176 3.16501 2157 169
568.409 0.597 356 63
475.53 1.35016 927 113
540.359 1.19996 778 105
454.969 0.602007 346 73
493.277 2.85006 1870 245
479.151 2.28095 1564 205
487.864 2.40397 1633 195
544.139 3.99399 2766 261
579.767 3.43204 2369 201
501.435 2.22492 1494 154
517.954 1.07098 680 120
1.79769e+308 23.7529 15347 689
494.982 1.33896 829 128
540.031 3.53193 2293 237
552.14 5.30887 3581 309
516.29 3.51906 2372 224
519.788 1.18399 794 97
501.995 1.78695 1189 144
496.124 3.94082 2693 199
528.45 0.924826 597 70
492.541 2.34103 1632 176
534.662 0.190973 77 38
480.084 2.12717 1415 179
479.499 3.67403 2474 223
475.351 1.14608 729 90
547.002 0.262976 118 51
483.57 2.37799 1628 161
535.414 3.11708 2123 203
472.019 0.174999 60 32
442.707 2.2819 1533 181
486.88 2.26307 1537 174
517.519 0.478983 243 85
701.432 1.966 1315 133
536.208 0.630856 371 98
484.982 2.3551 1615 148
514.248 0.399113 220 63
552.581 11.1151 7612 508
463.661 0.584126 332 70
594.462 1.33014 905 133
435.354 1.82509 1210 159
540.194 0.154972 56 25
545.035 2.91491 1884 245
528.945 5.32818 3575 322
493.326 1.39594 910 127
495.934 1.25003 820 138
523.395 1.31607 882 119
579.921 0.873804 568 104
465.42 1.41406 937 127
491.66 2.27785 1523 181
548.412 1.38712 912 132
531.586 4.5681 2993 318
643.226 3.17192 2140 235
564.458 0.19598 78 29
555.386 0.194073 64 44
563.315 3.90196 2615 209
480.054 1.97887 1335 136
543.962 2.60496 1712 223
495.957 0.648022 392 77
491.196 3.26204 2169 251
470.014 0.218153 80 50
477.316 0.440836 238 76
473.398 2.41184 1589 163
453.39 3.72195 2499 223
496.813 4.23408 2834 282
631.44 2.69985 1721 239
1.79769e+308 10.808 7629 422
556.346 2.54607 1609 227
591.037 3.6571 2369 287
678.746 3.31306 2273 212
561.67 1.81389 1176 171
649.617 2.86102 1847 242
627.016 1.68705 1142 121
564.409 1.30606 901 112
634.39 5.47004 3715 330
565.639 1.36709 871 122
607.178 3.37005 2285 205
610.055 4.23312 2824 295
622.652 1.38903 946 103
624.71 1.37496 946 103
610.317 4.13918 2841 189
1.79769e+308 11.7512 8009 450
618.349 1.28484 855 103
535.977 3.01003 2025 205
610.841 4.06599 2762 188
578.754 2.75207 1859 184
625.145 1.36995 923 115
590.67 4.48394 3082 233
647.377 2.44594 1689 152
552.794 2.15411 1501 142
605.11 3.17907 2182 226
649.87 1.17898 741 124
567.688 2.39301 1652 154
600.896 1.31512 852 133
581.616 4.02713 2628 238
694.103 2.45786 1639 175
542.612 4.39191 3006 229
586.986 4.52304 3080 266
631.797 0.984907 601 110
631.886 2.44403 1646 171
680.631 2.39611 1640 175
629.289 6.08182 4102 286
1.79769e+308 18.7671 12876 619
620.464 2.91395 1965 199
667.451 1.4441 934 141
627.323 0.41604 217 61
684.178 3.35407 2273 220
613.28 3.31712 2272 195
660.834 0.766993 477 92
586.703 2.95997 1976 210
614.35 6.21915 4366 256
631.343 6.59108 4427 325
565.354 1.92094 1329 111
736.467 2.40803 1604 154
552.631 0.547886 325 69
596.159 0.218868 93 42
548.492 1.18613 759 91
598.173 2.70605 1883 166
538.359 1.544 1042 93
559.066 4.81796 3399 206
625.162 0.674009 420 88
694.825 1.16801 778 86
539.517 0.792027 507 94
628.041 0.730038 464 86
647.248 2.39396 1664 163
573.635 1.127 778 99
545.406 2.54703 1741 166
556.241 3.82686 2455 266
619.7 6.12593 3957 343
674.272 8.14509 5344 434
627.274 4.251 2906 240
650.871 0.272036 115 56
604.997 8.80098 5852 440
594.804 2.10714 1455 126
627.324 4.16803 2828 258
662.739 0.230074 80 51
562.788 0.574112 341 70
679.751 3.46303 2381 197
630.762 2.94495 2010 192
626.137 4.25601 2819 259
591.421 4.27008 2832 291
616.065 3.66998 2495 201
637.142 1.9629 1288 161
668.285 0.315905 164 53
1.79769e+308 12.5341 8708 513
628.616 4.10604 2679 255
541.135 1.36709 874 106
536.761 0.610113 337 81
613.179 2.68888 1836 200
647.232 3.04914 2060 180
680.522 3.8569 2641 206
631.985 1.78695 1211 121
647.844 2.04897 1432 145
556.439 0.945091 567 115
614.574 1.25003 842 120
616.752 3.80707 2592 247
603.57 3.45492 2318 251
583.733 4.03595 2823 226
603.312 4.50397 3042 264
618.553 6.72483 4501 352
647.706 6.50787 4574 301
630.39 8.00514 5540 332
681.894 5.17702 3580 241
1.79769e+308 26.248 17398 696
573.984 1.83296 1172 134
713.083 4.49204 3062 281
674.992 5.16486 3528 335
685.522 2.45595 1761 158
693.223 4.66299 3325 249
738.602 2.99287 1889 247
648.346 1.49608 982 135
771.554 4.08983 2770 268
751.876 1.76811 1208 158
745.978 3.23606 2329 175
714.22 2.41399 1551 213
712.145 4.51803 3180 272
708.555 1.37496 935 135
765.914 2.68006 1923 155
669.785 1.06001 715 108
663.606 1.50704 966 138
760.317 1.25408 805 97
668.662 1.46985 994 130
753.003 3.5131 2441 192
750.146 5.20301 3679 260
701.618 6.6421 4568 347
705.175 6.1841 4310 286
712.168 6.15478 4308 294
699.753 4.80413 3369 241
661.644 5.656 3938 282
715.111 4.99797 3365 293
699.202 3.23892 2178 221
709.526 4.99892 3393 307
704.806 2.67911 1867 161
664.196 5.00298 3445 266
668.193 1.49608 926 141
672.4 2.33006 1560 181
712.921 4.68302 3175 273
780.255 2.46191 1685 178
727.483 2.53081 1724 176
810.834 1.48892 1013 103
780.255 3.23105 2238 213
641.569 3.20196 2124 181
736.246 2.846 1914 162
796.671 2.68102 1832 199
739.923 0.956059 596 103
735.031 0.900984 585 103
700.134 5.95903 4121 316
723.196 0.870943 566 86
680.677 6.69503 4633 322
727.79 5.35393 3629 287
725.226 12.306 8312 561
722.321 4.41885 3069 233
693.508 3.42894 2479 197
636.971 1.19019 794 112
722.947 0.387192 198 71
724.284 3.71909 2560 211
678.769 3.5789 2495 209
772.338 3.88694 2640 255
1.79769e+308 21.5988 14473 694
731.594 6.81496 4643 376
1.79769e+308 14.842 10311 532
658.382 5.31507 3646 266
790.403 5.18799 3601 232
662.933 2.244 1518 175
726.872 1.1301 743 121
733.267 5.81193 3924 273
723.799 0.292063 138 47
747.494 10.299 6923 521
654.529 1.99199 1363 138
689.624 0.262976 103 68
736.523 0.392914 230 58
660.404 4.93789 3423 228
767.957 2.08592 1448 150
706.261 1.01686 643 112
724.985 5.75495 4066 255
766.209 3.92199 2724 202
703.487 6.16312 4171 337
735.17 4.43316 3114 264
680.629 1.688 1088 134
696.431 3.0241 1978 188
678.812 1.67513 1105 141
702.79 1.14298 730 114
732.916 3.45206 2371 189
729.964 3.40104 2372 188
699.467 9.16409 6317 365
744.042 10.2148 7022 447
766.781 2.98595 2004 188
780.781 4.34089 3041 249
716.652 2.23613 1480 170
725.173 8.97002 6058 396
682.659 5.7199 4000 233
726.285 6.26206 4351 314
768.035 2.26283 1490 171
769.747 1.27888 821 125
778.777 4.45104 3105 243
667.742 8.50701 5874 389
663.503 3.47185 2342 184
637.72 8.29887 5756 332
713.805 4.19402 2867 194
663.235 2.11811 1441 152
820.805 4.8399 3327 211
746.131 2.11 1414 154
661.399 1.68395 1145 130
714.43 4.68493 3260 210
673.115 4.43697 3014 219
848.448 3.38793 2343 239
774.021 4.72713 3257 269
824.11 6.46996 4531 267
826.79 1.91283 1213 191
787.091 3.22104 2233 207
999.822 1.6458 1115 145
745.647 5.59402 3809 312
785.797 2.32482 1467 164
828.559 12.208 8384 520
972.382 1.38712 951 133
795.023 2.14791 1463 165
814.136 5.68008 3976 312
845.682 1.09696 686 89
822.384 2.599 1787 159
803.712 2.84505 1986 163
800.853 3.53217 2482 186
822.037 5.41711 3618 322
792.995 2.77996 1832 199
871.888 5.5058 3772 297
783.039 8.12602 5607 384
783.141 0.576019 343 81
933.141 1.03402 714 93
810.269 5.31101 3640 272
845.849 4.78506 3291 236
751.419 2.59805 1812 180
816.499 14.1628 9718 472
813.959 14.3039 9708 571
797.807 8.24499 5733 389
765.383 7.2329 5003 348
844.466 1.07598 659 124
812.403 6.06108 4182 274
847.41 2.91109 1983 193
766.932 8.51893 5863 440
792.322 14.914 10427 575
768.304 2.13313 1448 150
838.773 2.77305 1934 168
792.965 2.97499 2013 198
785.504 4.88305 3356 211
810.136 10.4589 7158 455
815.285 8.20589 5749 326
809.353 10.0501 6824 428
765.856 3.47614 2415 199
743.155 9.29284 6457 335
750.629 9.44495 6596 345
796.061 7.69687 5356 318
814.723 22.4159 15538 566
823.198 6.29687 4422 323
780.514 4.54211 3188 260
759.348 7.22885 5058 340
802.937 3.91912 2759 200
834.12 4.95005 3506 271
747.285 1.80078 1170 140
823.605 5.6479 3898 301
884.486 7.62582 5360 311
803.258 8.17513 5682 321
787.282 9.58991 6698 345
854.163 4.23408 2926 213
866.837 4.32086 3022 251
821.308 6.50191 4580 323
839.006 4.29296 3029 217
783.095 3.89004 2694 179
793.983 2.11811 1434 159
782.784 2.08092 1443 157
762.935 2.10595 1433 158
801.211 7.06601 4897 280
775.902 5.10502 3575 237
781.508 1.72091 1139 154
818.772 5.07998 3517 241
821.728 0.833035 509 138
756.745 5.68986 3963 257
771.558 6.76107 4719 316
773.383 1.86896 1231 142
827.771 2.40207 1644 176
871.607 4.09079 2746 244
758.45 0.810862 484 127
781.484 3.47686 2385 207
761.51 1.60789 1049 139
815.067 14.5538 10208 521
774.095 6.06108 4184 248
819.692 2.01488 1337 163
783.041 4.13203 2787 257
804.327 2.88105 1992 197
827.688 6.29997 4437 269
789.064 1.53995 1026 114
865.339 3.53098 2409 209
888.132 2.10905 1416 169
867.146 2.22087 1532 175
829.639 1.59001 1055 135
788.799 1.50681 1023 114
836.496 6.21986 4317 251
834.437 5.25808 3666 240
740.705 3.67904 2473 229
779.723 1.70016 1152 154
790.562 3.932 2703 242
833.383 1.88184 1251 144
845.105 3.38101 2309 206
815.713 1.37496 923 104
788.65 1.53899 1025 113
829.18 1.63794 1119 135
757.515 13.324 8959 563
953.999 2.76804 1846 221
951.198 4.28009 2992 225
914.456 4.48799 3133 249
913.434 3.03078 2163 189
922.554 1.36018 951 131
943.467 4.09722 2903 212
899.99 14.5528 10354 486
899.174 13.9 9460 536
914.891 4.42195 3084 247
972.384 3.76582 2420 174
919.191 5.28097 3547 263
859.767 4.98891 3453 242
911.236 16.114 10903 598
872.277 6.98113 4862 339
921.683 5.14388 3546 258
918.304 2.23589 1512 155
923.894 7.57694 5288 358
923.894 4.11987 2899 209
855.76 10.6301 7283 461
926.905 6.34599 4474 322
941.259 4.48513 3151 254
934.094 10.2181 6997 430
895.817 10.1449 6966 421
872.49 3.5162 2423 215
923.383 1.88112 1256 147
905.132 1.95003 1310 161
876.967 4.07505 2762 244
932.872 5.36299 3715 242
840.393 15.4221 10437 572
893.383 1.90592 1255 146
864.318 2.09093 1392 178
906.586 2.91705 2028 200
914.658 3.613 2498 223
868.195 2.00105 1304 157
916.179 5.22399 3537 230
865.779 1.99986 1337 168
905.132 1.98197 1330 161
903.053 3.62206 2498 223
880.431 2.33006 1533 175
840.216 5.91993 4128 244
850.286 2.02608 1337 168
875.132 1.98197 1327 158
866.131 2.97809 2021 198
911.836 2.94995 2023 199
901.25 5.44095 3747 241
860.21 3.57509 2409 215
880.156 2.1019 1412 178
863.383 1.91689 1253 145
917.747 1.95909 1310 161
863.58 5.51009 3673 348
881.565 6.15811 4281 278
902.532 9.07111 6324 368
888.389 6.57082 4610 294
849.844 9.67693 6740 394
932.028 3.37195 2335 199
977.528 3.59988 2493 230
896.779 6.33502 4401 283
889.823 3.39699 2328 196
941.049 7.06697 4967 308
909.472 7.29799 5099 322
861.419 3.17311 2214 187
889.001 10.103 7044 411
864.492 4.39787 3068 255
943.749 7.10988 4920 306
1019.52 3.66402 2471 226
993.504 8.31294 5762 331
940.32 6.66189 4620 289
1058.9 8.23402 5812 333
945.466 6.97303 4877 306
854.837 3.33405 2327 194
880.605 9.29594 6399 371
920.629 3.36194 2331 197
965.102 3.50189 2495 230
903.594 5.86104 4133 276
925.365 7.35092 5153 322
909.185 6.25992 4385 283
901.324 3.30114 2328 196
876.122 9.82094 6855 403
901.615 3.37815 2335 198
958.498 7.03311 4908 306
965.169 3.63302 2495 230
1026.2 8.23998 5718 332
891.563 23.293 15744 684
926.855 7.23314 4960 307
850.715 3.57199 2454 220
844.205 3.3412 2321 193
853.662 3.53193 2454 220
923.242 6.90198 4743 307
896.93 3.2711 2216 188
941.07 4.1852 2886 248
893.675 6.07705 4161 277
887.824 11.075 7639 446
852.21 7.59602 5160 341
899.474 7.16615 4888 338
844.293 2.88796 1913 183
891.456 2.82001 1944 185
933.848 11.0559 7661 447
840.35 11.122 7606 471
868.1 1.70207 1144 147
929.541 6.93417 4737 361
943.282 4.87113 3332 272
970.108 5.68199 3854 291
1042.49 5.21398 3673 225
1082.03 3.42298 2404 204
1019.52 3.51691 2471 226
1052.03 3.45397 2403 203
992.028 3.40891 2399 201
977.096 3.53289 2470 221
1081.59 6.33597 4476 286
1037.1 3.5491 2473 227
962.028 3.32403 2337 200
970.734 6.6669 4640 290
1007.1 3.58796 2471 226
961.881 8.25381 5764 330
1007.1 3.56102 2471 226
1007.1 3.5181 2471 226
1022.03 3.42202 2401 202
1048.49 6.41489 4484 285
1057.25 3.89099 2719 226
1191.72 6.75082 4803 264
1057.25 3.88908 2719 226
1.79769e+308 23.345 16774 572
1005.87 3.42822 2428 195
977.019 10.349 7326 332
1015.25 5.82504 4024 294
1071.18 7.29799 5132 289
959.581 20.143 14337 568
1029.81 7.68805 5446 298
1078.65 6.98209 4956 269
1020.24 10.1669 7211 326
1027.99 7.62415 5352 293
971.787 13.0041 9180 378
978 13.684 9624 427
1161.72 6.83999 4785 263
1101.72 5.67198 4015 259
970.879 3.43418 2427 191
1078.65 7.04098 4956 269
1.79769e+308 23.536 16805 572
1036.67 3.45707 2431 196
1113.69 7.47991 5249 292
1069.68 3.89099 2719 226
960.738 11.3709 8124 398
1.79769e+308 23.1221 16403 568
1.79769e+308 23.3331 16714 571
1017.37 3.41821 2428 195
1071.72 5.65195 4013 258
954.973 5.61094 3897 287
1.79769e+308 23.2401 16800 572
1069.97 3.86596 2719 226
996.909 11.827 8361 354
1006.21 21.755 15551 572
993.982 12.1992 8620 361
950.429 13.4101 9437 386
954.607 10.7379 7600 343
1091 7.29299 5154 290
1004.4 6.81996 4730 331
1039.7 9.758 6885 320
1048.65 6.99401 4955 267
960.222 3.28112 2301 188
1048.62 7.16615 5150 289
996.197 5.09191 3627 252
1.79769e+308 23.2301 16782 572
1001.47 5.83887 4024 294
1131.72 6.69813 4783 262
1057.52 3.87311 2719 226
1.79769e+308 23.3898 16811 572
986.69 8.51703 6093 306
949.514 3.21698 2108 205
1011.87 4.2119 2876 256
1006.78 3.74293 2544 233
952.614 5.74183 3949 311
1005.75 3.73411 2544 233
942.367 5.86605 4003 310
1019.1 3.68714 2543 233
967.468 17.278 11705 606
975.729 3.82614 2545 230
996.05 4.2541 2875 256
983.419 3.33309 2319 211
975.352 6.25396 4399 273
977.918 3.08895 2183 202
1029.18 3.618 2545 218
999.484 5.87893 4180 261
962.822 3.10898 2183 202
996.429 3.26991 2319 211
954.624 5.77211 4080 257
958.448 3.00908 2110 194
954.819 6.91819 4871 314
1017.02 7.76505 5522 336
1021.45 17.8149 12301 666
1055.68 6.53481 4663 294
1014 17.3001 11995 660
973.916 6.21605 4506 280
960.814 6.02913 4297 268
1019.96 6.40106 4517 283
975.067 17.9951 12483 666
964.973 17.961 12360 664
1038.07 6.65903 4725 295
983.242 3.15309 2190 181
1004.69 17.441 12092 662
995.295 5.9948 4298 271
